nxy                      = 1000
nz                       = 0
xyinit                   = 0.50000
xyend                    = 1.000000
zinit                    = 1.000000
zend                     = 1.000000
